[[9.9983263e-01 1.6734033e-04 0.0000000e+00 ... 0.0000000e+00
  0.0000000e+00 0.0000000e+00]
 [9.9968266e-01 3.1740073e-04 0.0000000e+00 ... 0.0000000e+00
  0.0000000e+00 0.0000000e+00]
 [9.9944133e-01 5.5867882e-04 0.0000000e+00 ... 0.0000000e+00
  0.0000000e+00 0.0000000e+00]
 ...
 [9.7871882e-01 2.1281214e-02 0.0000000e+00 ... 0.0000000e+00
  0.0000000e+00 0.0000000e+00]
 [9.7871882e-01 2.1281214e-02 0.0000000e+00 ... 0.0000000e+00
  0.0000000e+00 0.0000000e+00]
 [9.7871882e-01 2.1281214e-02 0.0000000e+00 ... 0.0000000e+00
  0.0000000e+00 0.0000000e+00]]